1 0 Гречка 69 43.45 34 67 41
1 1 Творог 64 62.45 58 78 24
1 2 Сыр 61 27.45 81 45 5
1 3 Сахар 36 27.45 42 95 91
1 4 Лук 92 53.45 2 4 91
1 5 Яйца 95 18.45 16 21 82
1 6 Укроп 69 38.45 71 26 47
1 7 Паштет 94 35.45 99 67 12
1 8 Молоко 73 33.45 22 11 3
1 9 Тушёнка 68 53.45 11 41 64
1 10 Сок 37 57.45 62 44 47
1 11 Гречка11 78 29.45 41 23 59
1 12 Гречка12 88 42.45 90 35 16
1 13 Гречка13 48 64.45 42 40 6
1 14 Гречка14 70 29.45 90 5 46
1 15 Гречка15 48 93.45 1 6 50
1 16 Гречка16 56 54.45 84 23 29
1 17 Гречка17 8 31.45 76 66 40
1 18 Гречка18 37 23.45 26 39 44
1 19 Гречка19 41 29.45 82 18 38
2 0 Пила-658 10 6.39 Сталь 0.51 0.31
2 1 Пила-306 11 9.77 Сталь 0.01 0.41
2 2 Пила-745 12 0.21 Сталь 0.61 0.31
2 3 Пила-829 13 2.7 Сталь 0.21 0.41
2 4 Пила-512 14 0.97 Сталь 0.31 0.71
2 5 Пила-636 15 1.61 Сталь 0.01 0.61
2 6 Пила-574 16 6.55 Сталь 0.71 0.51
2 7 Пила-150 17 3.5 Сталь 0.21 0.11
2 8 Пила-430 18 9.66 Сталь 0.41 0.11
2 9 Пила-337 19 0.07 Сталь 0.11 0.71
2 10 Пила-383 20 7.53 Сталь 0.71 0.71
2 11 Пила-758 21 2.09 Сталь 0.91 0.51
2 12 Пила-946 22 4.22 Сталь 0.81 0.11
2 13 Пила-168 23 4.13 Сталь 0.01 0.61
2 14 Пила-655 24 7.62 Сталь 0.11 0.01
2 15 Пила-537 25 6.24 Сталь 0.91 0.01
2 16 Пила-41 26 5.95 Сталь 0.31 0.81
2 17 Пила-836 27 2.91 Сталь 0.01 0.21
2 18 Пила-21 28 5.96 Сталь 0.01 0.41
2 19 Пила-484 29 6.68 Сталь 0.91 0.81